2025年度報告
397
合併財務報表附註
(除另有說明外，以人民幣列示)
35 现金流量资料（续）
(c)
融資活動產生負債之調節
融資活動負債
購買無形
借款
應付利息
投資者負債
租賃負債資產應付款項
總計
人民幣千元
人民幣千元
人民幣千元
人民幣千元
人民幣千元
人民幣千元
於2025年1月1日的
融資活動負債
30,603,018
30,006
12,445,689
5,408,356
3,860,770
52,347,839
現金流量
4,644,601
(122,022)
(1,442,629)
(2,902,504)
(2,499,913)
(2,322,467)
應計利息開支
838,009
103,543
2,368,981
201,032
123,170
3,634,735
匯兌調整
(330,409)
(3,541)
(149,557)
(483,507)
其他非现金變动(附註(a))
368,440
534,648
3,010,894
1,469,172
5,383,154
於2025年12月31日的
融資活動負債
36,123,659
11,527
13,906,689
5,714,237
2,803,642
58,559,754
於2024年1月1日的
融資活動負債
27,857,345
9,631
13,803,045
1,968,166
5,158,622
48,796,809
現金流量
6,136,699
(121,344)
(113,749)
(2,476,524)
(3,182,954)
242,128
應計利息開支
857,111
141,719
(1,119,698)
165,770
167,545
212,447
匯兌調整
263,736
5,787
269,523
其他非现金变动(附註(a))
(4,511,873)
(123,909)
5,750,944
1,711,770
2,826,932
於2024年12月31日的
融資活動負債
30,603,018
30,006
12,445,689
5,408,356
3,860,770
52,347,839
附註：
(a)
主要是由於購買無形資產應付款項增加、租賃增加及已貼現商業承兌匯票到期。