2025年度報告
353
合併財務报表附註
(除另有說明外，以人民幣列示)
14物业、廠房及設備
構築物及
工廠及
租賃物業
生產設備
運輸設備
電子設備
辦公設備
辦公樓宇
裝修
在建工程
總計
人民幣千元 人民幣千元 人民幣千元 人民幣千元
人民幣千元 人民幣千元 人民幣千元 人民幣千元
於2025年1月1日
成本
5,852,772
182,765
3,768,071
45,558
6,219,992
3,146,877
4,121,183
23,337,218
累計折舊
(536,159)
(40,832)
(2,081,494)
(30,644)
(507,795)
(2,052,711)
(5,249,635)
賬面淨值
5,316,613
141,933
1,686,577
14,914
5,712,197
1,094,166
4,121,183
18,087,583
截至2025年12月31日止年度
年初賬面淨值
5,316,613
141,933
1,686,577
14,914
5,712,197
1,094,166
4,121,183
18,087,583
添置
884,721
329,701
1,968,797
14,343
1,833
2,207,246
7,789,777
13,196,418
轉讓
4,595,695
22,469
120,045
(4,738,209)
轉至投資物業
(10,406)
(234,536)
(244,942)
處置
(566*90)
(77,129)
(151,043)
(601)
(94,768)
(26,311)
(409,842)
折舊費用(附註8)
(714,651)
(65,274)
(807,665)
(4,873)
(217,451)
(870,346)
(2,680,260)
匯兌差額
329
109
868
1,336
年末賬面淨值
10,022,388
329,231
2,719,464
23,892
5,606,218
2,337,196
6,911,904
27,950,293
於2025年12月31日
成本
11,233,016
389,269
5,524,693
56,722
6,326,261
5,244,226
6,911,904
35,686,091
累計折舊
(1,210,628)
(60,038)
(2,805,229)
(32,830)
(720,043)
(2,907,030)
(7,735,798)
賬面淨值
10,022,388
329,231
2,719,464
23,892
5,606,218
2,337,196
6,911,904
27,950,293