2025⸶⹨⟳␌ 397
⏊ἷ屣⊛⟳堪昆姽
灭昦⎨㛋婬㗐⣘灱ầṼ㯓⸥⇙䣼灮
35 䏀憓㴃憑岉㕛灭乎灮
(c) 坏岉㳽⊗䓤䓡屢⁷ḍ媁䮂
坏岉㳽⊗屢⁷
ῡ㬀 ㆋẚ⇫〱 ㉗岉俇屢⁷ 䦡岅屢⁷
岾屹䃣⼤
岉䓤ㆋẚ㬀柇 ䷿姊
Ṽ㯓⸥⌅℅ Ṽ㯓⸥⌅℅ Ṽ㯓⸥⌅℅ Ṽ㯓⸥⌅℅ Ṽ㯓⸥⌅℅ Ṽ㯓⸥⌅℅
㕾2025⸶1㛊1㖧䙆
˽坏岉㳽⊗屢⁷ 30,603,018 30,006 12,445,689 5,408,356 3,860,770 52,347,839
䏀憓㴃憑 4,644,601 (122,022)(1,442,629)(2,902,504)(2,499,913)(2,322,467)
ㆋ姊⇫〱敍㓱 838,009 103,543 2,368,981 201,032 123,170 3,634,735
⋱ℎ媁㔶 (330,409) ƸƸ (3,541)(149,557)(483,507)
ℸẘ朠䏀憓孌⊗灭昆姽(a)灮 368,440 Ƹ 534,648 3,010,894 1,469,172 5,383,154
㕾2025⸶12㛊31㖧䙆
˽坏岉㳽⊗屢⁷ 36,123,659 11,527 13,906,689 5,714,237 2,803,642 58,559,754
㕾2024⸶1㛊1㖧䙆
˽坏岉㳽⊗屢⁷ 27,857,345 9,631 13,803,045 1,968,166 5,158,622 48,796,809
䏀憓㴃憑 6,136,699 (121,344)(113,749)(2,476,524)(3,182,954) 242,128
ㆋ姊⇫〱敍㓱 857,111 141,719 (1,119,698) 165,770 167,545 212,447
⋱ℎ媁㔶 263,736 ƸƸƸ 5,787 269,523
ℸẘ朠䏀憓孌⊗灭昆姽(a)灮 (4,511,873) Ƹ (123,909) 5,750,944 1,711,770 2,826,932
㕾2024⸶12㛊31㖧䙆
˽坏岉㳽⊗屢⁷ 30,603,018 30,006 12,445,689 5,408,356 3,860,770 52,347,839
昆姽 灿
(a) ᷽奃㗱䓳㕾岾屹䃣⼤岉䓤ㆋẚ㬀柇⡠≢˾䦡岅⡠≢⎌ⶴ屾䏀┈㤯㉁ℎ⋱䤪⇲㛡˿