2025⸶⹨⟳␌ 353
⏊ἷ屣⊛⟳堪昆姽
灭昦⎨㛋婬㗐⣘灱ầṼ㯓⸥⇙䣼灮
14 䈫㤯˾⺢㈁⎌姯⁛
⶧⺢⎌
䓡䓤姯⁛ 怍建姯⁛ 暽⬒姯⁛ 彨℮姯⁛ 彨℮㧕⭉
㦍䮋䈫⎌
䦡岅䈫㤯
墟ᾰ ⛪⺼⶧䧍 ䷿姊
Ṽ㯓⸥⌅℅ Ṽ㯓⸥⌅℅ Ṽ㯓⸥⌅℅ Ṽ㯓⸥⌅℅ Ṽ㯓⸥⌅℅ Ṽ㯓⸥⌅℅ Ṽ㯓⸥⌅℅ Ṽ㯓⸥⌅℅
㕾2025⸶1㛊1㖧
˽㇒㛮 5,852,772 182,765 3,768,071 45,558 6,219,992 3,146,877 4,121,183 23,337,218
˽䳱姊㉚凌 (536,159)(40,832)(2,081,494)(30,644)(507,795)(2,052,711) Ƹ (5,249,635)
岮朤㶪῾ 5,316,613 141,933 1,686,577 14,914 5,712,197 1,094,166 4,121,183 18,087,583
㇬况2025⸶12㛊31㖧㬤⸶⹨
˽⸶⇟岮朤㶪῾ 5,316,613 141,933 1,686,577 14,914 5,712,197 1,094,166 4,121,183 18,087,583
˽㶽估 884,721 329,701 1,968,797 14,343 1,833 2,207,246 7,789,777 13,196,418
˽弋孕 4,595,695 Ƹ 22,469 Ƹ 120,045 Ƹ (4,738,209) Ƹ
˽弋况㉗岉䈫㤯 ƸƸƸƸ (10,406) Ƹ (234,536)(244,942)
˽嘗估 (59,990)(77,129)(151,043)(601) Ƹ (94,768)(26,311)(409,842)
˽㉚凌屽䓪灭昆姽8灮 (714,651)(65,274)(807,665)(4,873)(217,451)(870,346) Ƹ (2,680,260)
˽⋱ℎⶰ栏 ƸƸ 329 109 Ƹ 898 Ƹ 1,336
⸶㛭岮朤㶪῾ 10,022,388 329,231 2,719,464 23,892 5,606,218 2,337,196 6,911,904 27,950,293
㕾2025⸶12㛊31㖧
˽㇒㛮 11,233,016 389,269 5,524,693 56,722 6,326,261 5,244,226 6,911,904 35,686,091
˽䳱姊㉚凌 (1,210,628)(60,038)(2,805,229)(32,830)(720,043)(2,907,030) Ƹ (7,735,798)
岮朤㶪῾ 10,022,388 329,231 2,719,464 23,892 5,606,218 2,337,196 6,911,904 27,950,293